{
   "categories" : {
      "23" : "Uncategorized",
      "25" : "Uncategorized"
   },
   "categorySelectors" : {
      "40" : [ "23" ],
      "43" : [ "23" ],
      "46" : [ "23" ]
   },
   "classifiers" : {},
   "defaultView" : "41",
   "displayStyles" : {
      "39" : {
         "backgroundColor" : {
            "blue" : 0.0,
            "green" : 0.0,
            "red" : 0.0
         },
         "isGlobeVisible" : true,
         "viewFlags" : {
            "acs" : true,
            "clipVol" : true,
            "grid" : true,
            "noFill" : true,
            "renderMode" : 6,
            "visEdges" : true
         }
      }
   },
   "globalOrigin" : {
      "x" : 0.0,
      "y" : 0.0,
      "z" : 0.0
   },
   "groundPoint" : {
      "x" : 4201779.9411022952,
      "y" : 173946.67997232842,
      "z" : 4779431.7295714375
   },
   "kmlFile" : "TileSets/CCNavTutorial/CCNavTutorial.kml",
   "modelSelectors" : {
      "38" : [ "47" ],
      "42" : [ "47" ],
      "45" : [ "47" ]
   },
   "models" : {
      "47" : {
         "extents" : {
            "high" : {
               "x" : 111849.57369925594,
               "y" : 414037.33541969978,
               "z" : 8342466.4889057409
            },
            "low" : {
               "x" : 111843.40943448571,
               "y" : 414032.10312223237,
               "z" : 8342460.8887210209
            }
         },
         "name" : "CCNavTutorial",
         "tilesetUrl" : "TileSets//CCNavTutorial//Model_2f//Model_2f.json",
         "transform" : [
            -0.047565933660059054,
            0.99885315603711433,
            0.0054639390317715985,
            0.0,
            -0.75193774866644481,
            -0.039407388827320568,
            0.65805522552157503,
            0.0,
            0.65751585842889404,
            0.027192469187413387,
            0.75294984264159737,
            0.0,
            4201779.4492701180,
            173946.52754132359,
            4779431.9025129899,
            1.0
         ],
         "type" : "reality"
      }
   },
   "name" : "CCNavTutorial",
   "projectExtents" : {
      "high" : {
         "x" : 4201782.5314025041,
         "y" : 173949.14369005739,
         "z" : 4779434.7026053490
      },
      "low" : {
         "x" : 4201776.3671377338,
         "y" : 173943.91139258997,
         "z" : 4779429.1024206290
      }
   },
   "projectOrigin" : {
      "x" : 453822.51622520859,
      "y" : 5410585.4173621796,
      "z" : 117.03397688316181
   },
   "projectTransform" : [
      -0.047565933660059054,
      0.99885315603711433,
      0.0054639390317715985,
      0.0,
      -0.75193774866644481,
      -0.039407388827320568,
      0.65805522552157503,
      0.0,
      0.65751585842889404,
      0.027192469187413387,
      0.75294984264159737,
      0.0,
      4201779.4492701180,
      173946.52754132359,
      4779431.9025129899,
      1.0
   ],
   "viewerOptions" : {
      "imageryProvider" : "BingMapsAerialWithLabels",
      "unitSystem" : "Metric"
   },
   "views" : {
      "37" : {
         "categorySelector" : "40",
         "displayStyle" : "39",
         "extents" : {
            "x" : 12.687336921924725,
            "y" : 7.9503165194764733,
            "z" : 11.284143309405778
         },
         "eyePoint" : {
            "x" : 8291712.4069733657,
            "y" : -66141.664188318799,
            "z" : 1216400.1162125978
         },
         "focusDistance" : 0.0,
         "isCameraOn" : false,
         "lensAngle" : 0.0,
         "modelSelector" : "38",
         "name" : "3D Metric Design - View 1",
         "origin" : {
            "x" : 4201772.1202199673,
            "y" : 173941.65360004021,
            "z" : 4779429.3146128953
         },
         "rotation" : [
            0.47691180604373340,
            -0.11771630464787963,
            0.87103272089867678,
            0.75864410488611644,
            0.55557147345957503,
            -0.34029319711022671,
            -0.44386287452055240,
            0.82309368209092959,
            0.35426337536407598
         ],
         "type" : "camera"
      },
      "41" : {
         "categorySelector" : "43",
         "displayStyle" : "39",
         "extents" : {
            "x" : 12.370798930351157,
            "y" : 6.2319062277674675,
            "z" : 8.0785680922000580
         },
         "eyePoint" : {
            "x" : 8291712.4069733657,
            "y" : -66141.664188318799,
            "z" : 1216400.1162125978
         },
         "focusDistance" : 0.0,
         "isCameraOn" : false,
         "lensAngle" : 0.0,
         "modelSelector" : "42",
         "name" : "3D Metric Design - View 2",
         "origin" : {
            "x" : 4201779.4258977659,
            "y" : 173940.46080412934,
            "z" : 4779426.7774082739
         },
         "rotation" : [
            -0.047565933660059054,
            -0.75193774866644481,
            0.65751585842889404,
            0.99885315603711433,
            -0.039407388827320568,
            0.027192469187413387,
            0.0054639390317715985,
            0.65805522552157503,
            0.75294984264159737
         ],
         "type" : "camera"
      },
      "44" : {
         "categorySelector" : "46",
         "displayStyle" : "39",
         "extents" : {
            "x" : 5.2710295260767452,
            "y" : 2.9327532695606351,
            "z" : 6.2319062280883770
         },
         "eyePoint" : {
            "x" : 8291712.4069733657,
            "y" : -66141.664188318799,
            "z" : 1216400.1162125978
         },
         "focusDistance" : 0.0,
         "isCameraOn" : false,
         "lensAngle" : 0.0,
         "modelSelector" : "45",
         "name" : "3D Metric Design - View 3",
         "origin" : {
            "x" : 4201776.2643621163,
            "y" : 173943.79748233227,
            "z" : 4779432.8348299768
         },
         "rotation" : [
            -0.047565933660059054,
            0.65751585842889404,
            0.75193774866644481,
            0.99885315603711433,
            0.027192469187413387,
            0.039407388827320568,
            0.0054639390317715985,
            0.75294984264159737,
            -0.65805522552157503
         ],
         "type" : "camera"
      }
   }
}
